nonuniform List<scalar> 
40
(
8.4065e-06
2.40503e-05
4.18128e-05
6.12102e-05
8.1805e-05
0.000103374
0.00012577
0.000148864
0.000172525
0.000196603
0.00022092
0.000245259
0.000269358
0.000292888
0.000315439
0.000336486
0.000355342
0.000371083
0.000382431
0.000387563
0.000384007
0.000371126
0.000350339
0.000323057
0.000290931
0.000255869
0.000219961
0.000185286
0.000153643
0.000126245
0.000103528
8.51708e-05
7.03533e-05
5.80913e-05
4.74973e-05
3.79014e-05
2.88821e-05
2.02986e-05
1.12761e-05
1.44686e-06
)
;