nonuniform List<scalar> 
40
(
-1.31389e-15
-2.38885e-15
-2.96732e-15
-3.69588e-15
-4.577e-15
-5.61949e-15
-6.83607e-15
-8.24259e-15
-9.85779e-15
-1.17031e-14
-1.38029e-14
-1.61842e-14
-1.88763e-14
-2.1908e-14
-2.53162e-14
-2.91326e-14
-3.33689e-14
-3.79876e-14
-4.30874e-14
-4.8607e-14
-4.98082e-14
-5.08547e-14
-5.18412e-14
-5.27364e-14
-5.35648e-14
-5.43157e-14
-5.4981e-14
-5.55674e-14
-5.60854e-14
-5.65424e-14
-5.69467e-14
-5.73056e-14
-5.76252e-14
-5.79103e-14
-5.81647e-14
-5.83911e-14
-5.83911e-14
-5.83911e-14
-5.83911e-14
-5.83911e-14
)
;
