nonuniform List<vector> 
40
(
(1.30881e-05 0 2.0821e-18)
(0.146569 0 1.48785e-15)
(0.225713 0 8.10501e-16)
(0.280292 0 8.82146e-16)
(0.322468 0 8.89813e-16)
(0.357288 0 8.94978e-16)
(0.387281 0 8.96856e-16)
(0.413877 0 8.96993e-16)
(0.437956 0 8.95408e-16)
(0.460091 0 8.9192e-16)
(0.480673 0 8.86351e-16)
(0.499973 0 8.78729e-16)
(0.518183 0 8.68759e-16)
(0.535433 0 8.58098e-16)
(0.551814 0 8.49709e-16)
(0.567374 0 8.44132e-16)
(0.582133 0 7.61378e-16)
(0.59608 0 9.89023e-16)
(0.60917 0 6.57893e-16)
(0.621326 0 3.25737e-16)
(0.631951 0 6.81625e-16)
(0.640396 0 4.60628e-16)
(0.646775 0 3.28577e-16)
(0.651475 0 2.31259e-16)
(0.65475 0 1.59689e-16)
(0.65674 0 1.02953e-16)
(0.657493 0 5.56286e-17)
(0.656968 0 1.55156e-17)
(0.655041 0 -1.88784e-17)
(0.65152 0 -4.80793e-17)
(0.646168 0 -7.19865e-17)
(0.638734 0 -8.84422e-17)
(0.628978 0 -9.58122e-17)
(0.616634 0 -9.3982e-17)
(0.601323 0 -7.76702e-17)
(0.582377 0 -7.11362e-17)
(0.558497 0 -5.65012e-17)
(0.526983 0 -2.55013e-17)
(0.480089 0 -7.92576e-18)
(0.375095 0 4.16371e-18)
)
;
