1.103, 0.8521
1.103, 0.8606
1.1155, 0.8689
1.1154, 0.8773
1.1154, 0.8856
1.128, 0.894
1.128, 0.9022
1.1408, 0.9106
1.1408, 0.9191
1.1538, 0.9274
1.1538, 0.9358
1.1537, 0.9441
1.1668, 0.9525
1.1668, 0.9607
1.18, 0.9691
1.18, 0.9775
1.1934, 0.9859
1.1934, 0.9943
1.2069, 1.0026
1.2069, 1.011
1.2206, 1.0193
1.2205, 1.0277
1.2205, 1.036
1.2344, 1.0444
1.2344, 1.0527
1.2483, 1.0611
1.2483, 1.0695
1.2625, 1.0778
1.2625, 1.0862
1.2625, 1.0945
1.2768, 1.1029
1.2767, 1.1112
1.2912, 1.1196
1.2912, 1.1279
1.3058, 1.1363
1.3058, 1.1446
1.3206, 1.153
1.3206, 1.1614
1.3356, 1.1697
1.3355, 1.1781
1.3355, 1.1864
1.3507, 1.1948
1.3507, 1.2031
1.366, 1.2115
1.3659, 1.2198
1.3814, 1.2282
1.3814, 1.2366
1.3971, 1.2449
1.3971, 1.2533
1.397, 1.2616
1.4129, 1.27
1.4129, 1.2783
1.4289, 1.2867
1.4289, 1.295
1.445, 1.3034
1.445, 1.3117
1.4614, 1.3201
1.4614, 1.3285
1.4614, 1.3368
1.4779, 1.3452
1.4779, 1.3535
1.4947, 1.3618
1.4947, 1.3702
1.5116, 1.3786
1.5116, 1.3869
1.5287, 1.3953
1.5287, 1.4037
1.546, 1.412
1.546, 1.4203
1.546, 1.4287
1.5635, 1.4371
1.5635, 1.4454
1.5812, 1.4538
1.5812, 1.4621
1.5991, 1.4705
1.5991, 1.4788
1.5991, 1.4872
1.6172, 1.4956
1.6172, 1.5039
1.6355, 1.5123
1.6355, 1.5206
1.654, 1.529
1.654, 1.5373
1.6726, 1.5457
1.6726, 1.554
1.6917, 1.5624
1.6917, 1.5708
1.6916, 1.5791
1.7107, 1.5875
1.7107, 1.5958
1.7302, 1.6042
1.7302, 1.6125
1.7498, 1.6209
1.7498, 1.6292
1.7497, 1.6376
1.7696, 1.646
1.7694, 1.6543
1.7896, 1.6627
1.7896, 1.671
1.8098, 1.6794
1.8098, 1.6877
1.8303, 1.6961
1.8303, 1.7044
1.8511, 1.7128
1.851, 1.721
1.851, 1.7295
1.8719, 1.7379
1.8719, 1.7462
1.8932, 1.7546
1.8932, 1.7629
1.9146, 1.7713
1.9146, 1.7795
1.9146, 1.788
1.9363, 1.7963
1.9363, 1.8047
1.9582, 1.8131
1.9582, 1.8214
1.9804, 1.8298
1.9804, 1.838
2.0028, 1.8465
2.0028, 1.8548
2.0255, 1.8632
2.0255, 1.8715
2.0254, 1.8799
2.0484, 1.8883
2.0484, 1.8965
2.0716, 1.905
2.0716, 1.9133
2.095, 1.9217
2.095, 1.93
2.095, 1.9384
2.1187, 1.9466
2.1187, 1.955
2.1427, 1.9634
2.1427, 1.9718
2.167, 1.9802
2.167, 1.9885
2.167, 1.9969
2.1669, 2.0052
2.1915, 2.0136
2.2163, 2.0219
2.2163, 2.0303
2.2414, 2.0386
2.2414, 2.047
2.2668, 2.0554
2.2668, 2.0637
2.2924, 2.0721
2.2924, 2.0804
2.2924, 2.0888
2.3184, 2.0971
2.3184, 2.1055
2.3446, 2.1138
2.3446, 2.1222
2.3712, 2.1305
2.3711, 2.1389
2.398, 2.1473
2.398, 2.1556
2.4251, 2.164
2.4251, 2.1723
2.4251, 2.1807
2.4526, 2.189
2.4526, 2.1974
2.4803, 2.2057
2.4803, 2.2141
2.5084, 2.2225
2.5084, 2.2308
2.5084, 2.2392
2.5368, 2.2475
2.5368, 2.2559
2.5655, 2.2642
2.5655, 2.2726
2.5946, 2.2809
2.5946, 2.2893
2.6239, 2.2977
2.6239, 2.306
2.6536, 2.3144
2.6536, 2.3227
2.6536, 2.3311
2.6837, 2.3394
2.6837, 2.3477
2.7141, 2.3561
2.714, 2.3645
2.7448, 2.3728
2.7448, 2.3812
2.7759, 2.3896
2.7758, 2.3979
2.8073, 2.4062
2.8073, 2.4146
2.8072, 2.423
2.839, 2.4313
2.839, 2.4397
2.8712, 2.448
2.8712, 2.4564
2.9037, 2.4647
2.9037, 2.4731
2.9036, 2.4815
2.9365, 2.4898
2.9365, 2.4982
2.9698, 2.5065
2.9698, 2.5149
3.0034, 2.5232
3.0034, 2.5316
3.0374, 2.5399
3.0374, 2.5483
3.0718, 2.5567
3.0718, 2.565
3.0717, 2.5734
3.1065, 2.5817
3.1065, 2.5901
3.1417, 2.5984
3.1417, 2.6068
3.1773, 2.6151
3.1773, 2.6235
3.1772, 2.6319
3.2132, 2.6402
3.2132, 2.6486
3.2496, 2.6569
3.2496, 2.6653
3.2864, 2.6736
3.2864, 2.682
3.3235, 2.6903
3.3235, 2.6987
3.3612, 2.7069
3.3612, 2.7154
3.3993, 2.7238
3.4378, 2.7321
3.4767, 2.7405
3.5161, 2.7488
3.5558, 2.7572
3.5962, 2.7572
3.6369, 2.7654
3.6781, 2.7739
3.7198, 2.7822
3.7619, 2.7906
3.8045, 2.799
3.8476, 2.8073
3.8912, 2.8157
3.9353, 2.8157
3.9799, 2.8157
3.9799, 2.8239
3.9799, 2.8324
4.025, 2.8324
4.0706, 2.8324
4.1167, 2.8407
4.1633, 2.8491
4.2105, 2.8574
4.2582, 2.8658
4.3064, 2.8742
4.3552, 2.8824
4.4045, 2.8909
4.4544, 2.8992
4.5048, 2.9076
4.5558, 2.9159
4.6075, 2.9243
4.6597, 2.9243
4.7124, 2.9325
4.7124, 2.9409
4.7658, 2.9409
4.8197, 2.9493
4.8744, 2.9577
4.8744, 2.9661
4.9296, 2.9661
4.9296, 2.9744
4.9854, 2.9744
4.9854, 2.9828
5.0419, 2.9828
5.099, 2.991
5.1568, 2.9995
5.2152, 2.9995
5.2743, 3.0078
5.334, 3.0162
5.334, 3.0245
5.334, 3.0329
5.3944, 3.0413
5.4555, 3.0413
5.5173, 3.0413
5.5798, 3.0496
5.643, 3.058
5.7069, 3.0663
5.7715, 3.0747
5.8369, 3.083
5.8369, 3.0914
5.9031, 3.0914
5.903, 3.0997
5.9699, 3.0997
6.0375, 3.1081
6.0375, 3.1164
6.1059, 3.1248
6.175, 3.1332
6.245, 3.1332
6.3158, 3.1415
6.3873, 3.1415
6.4597, 3.1499
6.4596, 3.1582
6.5328, 3.1582
6.6068, 3.1666
6.6817, 3.1749
6.7574, 3.1833
6.8338, 3.1916
6.9113, 3.2
6.9113, 3.2084
6.9896, 3.2084
6.9895, 3.2167
7.0687, 3.2167
7.1489, 3.2167
7.2298, 3.2251
7.3117, 3.2334
7.3945, 3.2418
7.4783, 3.2501
7.4782, 3.2585
7.563, 3.2585
7.6486, 3.2668
7.6486, 3.2752
7.7353, 3.2752
7.8229, 3.2836
7.9115, 3.2919
8.0011, 3.3003
8.0918, 3.3003
8.1834, 3.3086
8.2761, 3.317
8.3699, 3.3253
8.4647, 3.3253
8.5606, 3.3253
8.6577, 3.3253
8.7558, 3.3253
8.855, 3.3253
8.9554, 3.317
9.0569, 3.317
9.1596, 3.3086
9.2634, 3.3086
9.3684, 3.3003
9.4746, 3.3003
9.5819, 3.2919
9.6905, 3.2919
9.8004, 3.2919
9.9115, 3.2919
9.9115, 3.2836
10.0239, 3.2836
10.1375, 3.2752
10.2524, 3.2752
10.3686, 3.2668
10.4861, 3.2668
10.605, 3.2668
10.7252, 3.2585
10.8468, 3.2585
10.9698, 3.2501
11.0941, 3.2501
11.2199, 3.2418
11.347, 3.2418
11.4757, 3.2334
11.6058, 3.2251
11.7372, 3.2251
11.8704, 3.2167
12.005, 3.2084
12.141, 3.2084
12.2787, 3.2
12.4178, 3.2
12.5586, 3.1916
12.701, 3.1833
12.845, 3.1833
12.9906, 3.1749
13.1379, 3.1666
13.2868, 3.1666
13.4374, 3.1582
13.5897, 3.1499
13.7438, 3.1499
13.8996, 3.1415
14.0571, 3.1415
14.2165, 3.1332
14.3776, 3.1332
14.5406, 3.1332
14.7054, 3.1332
14.8721, 3.1248
15.0406, 3.1248
15.2111, 3.1248
15.3835, 3.1248
15.5577, 3.1248
15.7342, 3.1164
15.9125, 3.1164
16.0928, 3.1164
16.2752, 3.1164
16.4597, 3.1081
16.6463, 3.1081
16.8349, 3.1081
17.0257, 3.1081
17.2187, 3.0997
17.4139, 3.0997
17.6113, 3.0914
17.811, 3.083
18.0129, 3.0747
18.2172, 3.0663
18.2173, 3.058
18.4239, 3.0496
18.6327, 3.0413
18.8439, 3.0329
19.0577, 3.0245
19.2738, 3.0162
19.4923, 3.0078
19.7133, 2.9995
19.9367, 2.991
19.9369, 2.9828
19.9371, 2.9744
20.1631, 2.9661
20.3917, 2.9577
20.6229, 2.9493
20.8568, 2.9409
20.8569, 2.9325
21.0934, 2.9243
21.3326, 2.9159
21.5744, 2.9076
21.8191, 2.8992
22.0664, 2.8909
22.3166, 2.8824
22.3168, 2.8742
22.5697, 2.8658
22.8256, 2.8574
23.0845, 2.8491
23.3463, 2.8407
23.611, 2.8324
23.8787, 2.8239
24.1494, 2.8157
24.4231, 2.8157
24.6999, 2.8157
24.9798, 2.8157
25.2629, 2.8157
25.5493, 2.8073
25.8389, 2.8073
26.1317, 2.8073
26.428, 2.799
26.7275, 2.799
27.0304, 2.799
27.3368, 2.7906
27.6465, 2.7906
27.9601, 2.7822
28.277, 2.7822
28.2771, 2.7739
28.5977, 2.7654
28.922, 2.7572
28.9222, 2.7488
29.2501, 2.7405
29.5817, 2.7321
29.5819, 2.7238
29.9173, 2.7154
30.2566, 2.7069
30.2567, 2.6987
30.2569, 2.6903
30.257, 2.682
30.6002, 2.6736
30.9471, 2.6653
30.9473, 2.6569
31.2982, 2.6486
31.6531, 2.6402
32.012, 2.6319
32.3749, 2.6235
32.742, 2.6151
33.1133, 2.6068
33.4885, 2.6068
33.8681, 2.5984
34.2522, 2.5901
34.6404, 2.5901
35.0332, 2.5817
35.4304, 2.5734
35.8319, 2.5734
36.238, 2.5734
36.6489, 2.565
37.0642, 2.565
37.4844, 2.5567
37.9094, 2.5483
38.3391, 2.5483
38.7738, 2.5399
39.2132, 2.5399
39.6578, 2.5316
40.1074, 2.5232
40.562, 2.5232
41.0219, 2.5149
41.4867, 2.5149
41.9571, 2.5065
42.4325, 2.5065
42.9137, 2.4982
43.4003, 2.4898
43.8923, 2.4815
44.3898, 2.4815
44.8931, 2.4731
45.4019, 2.4731
45.9167, 2.4647
46.4373, 2.4564
46.9635, 2.4564
47.496, 2.448
48.0346, 2.4397
48.5792, 2.4313
49.13, 2.423
49.6867, 2.423
50.2502, 2.4146
50.8199, 2.4062
51.3961, 2.3979
51.9788, 2.3896
52.5683, 2.3812
53.1643, 2.3728
53.7671, 2.3645
54.3764, 2.3645
54.9929, 2.3561
55.6165, 2.3477
56.2471, 2.3394
56.8848, 2.3311
57.5295, 2.3311
58.1815, 2.3311
58.8411, 2.3227
59.508, 2.3227
60.1823, 2.3227
60.8647, 2.3144
61.5545, 2.3144
62.252, 2.3144
62.9579, 2.306
63.6713, 2.306
64.3933, 2.2977
65.123, 2.2977
65.8614, 2.2893
66.6078, 2.2893
67.363, 2.2809
68.1264, 2.2809
68.8984, 2.2809
69.6796, 2.2726
70.4693, 2.2726
71.2679, 2.2726
72.0759, 2.2642
72.8927, 2.2642
73.7187, 2.2642
74.5542, 2.2642
75.3995, 2.2559
76.2545, 2.2475
77.1186, 2.2475
77.9929, 2.2392
78.8773, 2.2308
79.7717, 2.2225
80.6762, 2.2141
81.5904, 2.2141
82.5154, 2.2057
83.4506, 2.2057
84.3963, 2.2057
85.3533, 2.1974
86.3205, 2.1974
87.2988, 2.1974
88.2881, 2.1974
89.2886, 2.1974
90.3005, 2.1974
91.3237, 2.1974
92.3587, 2.1974
93.4054, 2.1974
94.4639, 2.1974
95.5344, 2.1974
96.6171, 2.1974
97.712, 2.1974
98.8199, 2.189
99.9398, 2.189
101.0723, 2.189
102.2183, 2.1807
103.3773, 2.1723
104.5495, 2.164
105.7343, 2.164
106.9331, 2.1556
108.1449, 2.1556
109.3711, 2.1473
110.6106, 2.1473
111.8647, 2.1389
113.1325, 2.1389
114.4152, 2.1305
115.7118, 2.1305
117.0231, 2.1305
118.35, 2.1222
119.6912, 2.1222
121.0476, 2.1222
122.4193, 2.1222
123.8067, 2.1222
125.2097, 2.1222
126.6286, 2.1222
128.0637, 2.1222
129.5149, 2.1222
130.9834, 2.1138
132.4678, 2.1138
133.9698, 2.1055
135.488, 2.1055
137.0242, 2.0971
138.5771, 2.0971
140.1482, 2.0888
141.7365, 2.0888
143.3428, 2.0888
144.9672, 2.0888
146.6109, 2.0804
148.2724, 2.0804
149.9535, 2.0721
151.6529, 2.0721
153.3724, 2.0637
155.1114, 2.0554
156.87, 2.047
158.6479, 2.047
160.4466, 2.0386
162.265, 2.0386
164.1038, 2.0386
165.9635, 2.0386
167.8453, 2.0303
169.7473, 2.0303
169.7484, 2.0219
171.6721, 2.0219
173.6175, 2.0219
175.5851, 2.0219
177.5749, 2.0219
179.5873, 2.0219
181.6235, 2.0136
183.6817, 2.0136
185.7633, 2.0136
187.8685, 2.0136
189.9986, 2.0052
192.1518, 2.0052
194.3293, 2.0052
196.5327, 1.9969
198.7599, 1.9969
201.0124, 1.9969
201.0136, 1.9885
203.2928, 1.9802
205.5966, 1.9802
207.9277, 1.9718
210.2841, 1.9718
212.6683, 1.9634
215.0784, 1.9634
217.5158, 1.9634
219.9821, 1.955
222.475, 1.955
224.9962, 1.955
227.5473, 1.9466
230.126, 1.9466
232.7353, 1.9384
235.3728, 1.9384
238.0415, 1.93
240.7391, 1.93
243.4687, 1.9217
246.2278, 1.9217
249.0197, 1.9133
251.8417, 1.9133
254.6957, 1.9133
257.5836, 1.905
260.5026, 1.905
263.4548, 1.905
266.4419, 1.8965
269.4614, 1.8965
272.5167, 1.8883
275.605, 1.8883
278.7299, 1.8799
281.8885, 1.8799
285.0848, 1.8715
288.3172, 1.8632
291.5846, 1.8632
294.8907, 1.8548
298.2343, 1.8465
301.6139, 1.8465
305.0339, 1.838
308.4907, 1.838
311.9885, 1.8298
315.5241, 1.8298
319.1016, 1.8214
322.7178, 1.8214
326.377, 1.8131
330.0776, 1.8047
333.8182, 1.8047
337.6032, 1.7963
341.429, 1.7963
345.2983, 1.7963
349.2134, 1.788
353.1709, 1.788
357.1753, 1.7795
361.223, 1.7795
365.3187, 1.7713
369.4586, 1.7713
373.6478, 1.7629
377.882, 1.7629
382.1667, 1.7546
386.4999, 1.7462
390.8799, 1.7462
395.3119, 1.7379
399.7941, 1.7295
404.3248, 1.7295
408.9092, 1.721
413.5455, 1.7128
418.2321, 1.7128
422.9742, 1.7044
427.7675, 1.7044
432.6178, 1.6961
437.523, 1.6877
442.4838, 1.6794
447.5009, 1.671
452.5722, 1.671
457.7037, 1.6627
462.8933, 1.6543
468.1418, 1.646
473.4498, 1.6376
478.818, 1.6292
478.8209, 1.6209
484.2499, 1.6125
489.7406, 1.6042
495.2934, 1.5958
500.9093, 1.5875
500.9123, 1.5791
500.9152, 1.5708
506.5948, 1.5624
512.3388, 1.554
518.148, 1.5457
524.023, 1.5373
529.9646, 1.529
535.9736, 1.5206
542.0507, 1.5123
548.1967, 1.5039
548.1999, 1.4956
554.4156, 1.4872
560.7019, 1.4788
567.0594, 1.4705
573.4889, 1.4621
579.9914, 1.4538
579.9948, 1.4454
586.5711, 1.4371
593.2219, 1.4287
599.9481, 1.4203
606.7506, 1.412
613.6301, 1.4037
620.5878, 1.3953
620.5914, 1.3869
627.628, 1.3786
634.7443, 1.3702
641.9413, 1.3618
649.22, 1.3535
656.5811, 1.3452
664.0257, 1.3368
671.5548, 1.3285
679.1691, 1.3201
686.8699, 1.3117
694.6579, 1.3034
702.5301, 1.3034
702.5343, 1.295
710.4957, 1.295
710.4999, 1.2867
718.5516, 1.2867
718.5558, 1.2783
726.7032, 1.27
734.9385, 1.27
743.2716, 1.2616
751.6992, 1.2533
760.2223, 1.2449
768.842, 1.2366
777.5594, 1.2282
786.3712, 1.2282
795.2873, 1.2198
804.3047, 1.2115
813.4195, 1.2115
813.4243, 1.2031
822.6423, 1.2031
