# time in seconds, z in cm, C solid phase volume fraction
#
0;-0.0460937 -0.0468749 -0.0476562 -0.0484374 -0.0492187 -0.0499999 -0.0507812 -0.0515624 -0.0523437 -0.0531249 -0.0539062 -0.0546874 -0.0554687 -0.0562499 -0.0570312 -0.0578124 -0.0585937 -0.0593749 -0.0601562 -0.0609374 -0.0617187 -0.0624999 -0.0632812 -0.0640624 -0.0648437 -0.065625 -0.0664062 -0.0671875 -0.0679687 -0.06875 -0.0695312 -0.0703125 -0.0710937 -0.071875 -0.0726562 -0.0734375 -0.0742187 -0.075 -0.0757812 -0.0765625 -0.0773437 -0.078125 -0.0789062 -0.0796875 -0.0804687 -0.08125 -0.0820312 -0.0828125 -0.0835937 -0.084375 -0.0851562 -0.0859375 -0.0867187 -0.0875 -0.0882812 -0.0890625 -0.0898437 -0.090625 -0.0914062 -0.0921875 -0.0929687 -0.09375 -0.0945312 -0.0953125 -0.0960937 -0.096875 -0.0976562 -0.0984375 -0.0992187 -0.1;0.19874 0.34182 0.46663 0.48366 0.48356 0.48141 0.48071 0.48891 0.49271 0.48757 0.48793 0.49048 0.49185 0.49067 0.49126 0.49543 0.49622 0.49324 0.49134 0.49179 0.48909 0.49248 0.48848 0.49172 0.49391 0.4926 0.49169 0.49465 0.49591 0.49311 0.49503 0.49667 0.50374 0.50523 0.50434 0.5048 0.50332 0.50301 0.50671 0.50995 0.51294 0.51763 0.51689 0.5108 0.50718 0.50417 0.50661 0.50744 0.51177 0.51661 0.51519 0.51594 0.5169 0.51307 0.51405 0.51983 0.52511 0.52689 0.52321 0.52696 0.53939 0.54717 0.55179 0.5578 0.56541 0.57379 0.58363 0.58709 0.58101 0.56377
#
60;-0.0460937 -0.0468749 -0.0476562 -0.0484374 -0.0492187 -0.0499999 -0.0507812 -0.0515624 -0.0523437 -0.0531249 -0.0539062 -0.0546874 -0.0554687 -0.0562499 -0.0570312 -0.0578124 -0.0585937 -0.0593749 -0.0601562 -0.0609374 -0.0617187 -0.0624999 -0.0632812 -0.0640624 -0.0648437 -0.065625 -0.0664062 -0.0671875 -0.0679687 -0.06875 -0.0695312 -0.0703125 -0.0710937 -0.071875 -0.0726562 -0.0734375 -0.0742187 -0.075 -0.0757812 -0.0765625 -0.0773437 -0.078125 -0.0789062 -0.0796875 -0.0804687 -0.08125 -0.0820312 -0.0828125 -0.0835937 -0.084375 -0.0851562 -0.0859375 -0.0867187 -0.0875 -0.0882812 -0.0890625 -0.0898437 -0.090625 -0.0914062 -0.0921875 -0.0929687 -0.09375 -0.0945312 -0.0953125 -0.0960937 -0.096875 -0.0976562 -0.0984375 -0.0992187 -0.1;0.12239 0.20404 0.40759 0.47317 0.47691 0.48274 0.48559 0.48583 0.48208 0.48643 0.49268 0.49327 0.48905 0.48692 0.49196 0.49524 0.49427 0.49238 0.49268 0.49638 0.49739 0.48993 0.48647 0.4896 0.49678 0.50112 0.49932 0.49734 0.49738 0.49861 0.50448 0.51095 0.51295 0.51128 0.50797 0.5048 0.50821 0.50617 0.50439 0.50505 0.50713 0.50946 0.5088 0.5056 0.50488 0.50793 0.51257 0.50672 0.50578 0.5094 0.51405 0.51722 0.51552 0.51824 0.52155 0.524 0.53165 0.53739 0.54014 0.54497 0.5591 0.57427 0.58675 0.59423 0.59317 0.59162 0.59795 0.59836 0.59339 0.57665
#
120;-0.0460937 -0.0468749 -0.0476562 -0.0484374 -0.0492187 -0.0499999 -0.0507812 -0.0515624 -0.0523437 -0.0531249 -0.0539062 -0.0546874 -0.0554687 -0.0562499 -0.0570312 -0.0578124 -0.0585937 -0.0593749 -0.0601562 -0.0609374 -0.0617187 -0.0624999 -0.0632812 -0.0640624 -0.0648437 -0.065625 -0.0664062 -0.0671875 -0.0679687 -0.06875 -0.0695312 -0.0703125 -0.0710937 -0.071875 -0.0726562 -0.0734375 -0.0742187 -0.075 -0.0757812 -0.0765625 -0.0773437 -0.078125 -0.0789062 -0.0796875 -0.0804687 -0.08125 -0.0820312 -0.0828125 -0.0835937 -0.084375 -0.0851562 -0.0859375 -0.0867187 -0.0875 -0.0882812 -0.0890625 -0.0898437 -0.090625 -0.0914062 -0.0921875 -0.0929687 -0.09375 -0.0945312 -0.0953125 -0.0960937 -0.096875 -0.0976562 -0.0984375 -0.0992187 -0.1;0.09849 0.09008 0.29755 0.46294 0.48493 0.48594 0.48536 0.49471 0.49888 0.49481 0.49092 0.49099 0.49183 0.49443 0.4986 0.49641 0.49747 0.49929 0.49458 0.49485 0.49572 0.49373 0.49595 0.50217 0.50121 0.50002 0.49871 0.49854 0.49907 0.50071 0.50444 0.50407 0.50567 0.51016 0.50913 0.50594 0.50802 0.50748 0.5042 0.50283 0.5101 0.51206 0.51212 0.51084 0.50646 0.50465 0.50752 0.5136 0.51577 0.51717 0.51487 0.51252 0.51311 0.52005 0.53222 0.54469 0.55627 0.56302 0.57324 0.58102 0.58486 0.5949 0.60146 0.59885 0.5965 0.59413 0.59449 0.59748 0.59226 0.57557
#
180;-0.0460937 -0.0468749 -0.0476562 -0.0484374 -0.0492187 -0.0499999 -0.0507812 -0.0515624 -0.0523437 -0.0531249 -0.0539062 -0.0546874 -0.0554687 -0.0562499 -0.0570312 -0.0578124 -0.0585937 -0.0593749 -0.0601562 -0.0609374 -0.0617187 -0.0624999 -0.0632812 -0.0640624 -0.0648437 -0.065625 -0.0664062 -0.0671875 -0.0679687 -0.06875 -0.0695312 -0.0703125 -0.0710937 -0.071875 -0.0726562 -0.0734375 -0.0742187 -0.075 -0.0757812 -0.0765625 -0.0773437 -0.078125 -0.0789062 -0.0796875 -0.0804687 -0.08125 -0.0820312 -0.0828125 -0.0835937 -0.084375 -0.0851562 -0.0859375 -0.0867187 -0.0875 -0.0882812 -0.0890625 -0.0898437 -0.090625 -0.0914062 -0.0921875 -0.0929687 -0.09375 -0.0945312 -0.0953125 -0.0960937 -0.096875 -0.0976562 -0.0984375 -0.0992187 -0.1;0.09265 0.03399 0.16095 0.38893 0.48159 0.49231 0.48943 0.48601 0.48993 0.49153 0.49083 0.49028 0.49247 0.49286 0.49634 0.49647 0.49142 0.49486 0.49336 0.4957 0.50015 0.50123 0.49997 0.49909 0.49893 0.50072 0.49628 0.49585 0.49925 0.50006 0.50203 0.50735 0.51181 0.51069 0.50951 0.50785 0.50733 0.5083 0.50511 0.50168 0.51027 0.51337 0.5116 0.51243 0.50929 0.50653 0.50816 0.51024 0.51246 0.5132 0.51974 0.53046 0.53671 0.54991 0.56676 0.57514 0.58111 0.58384 0.5898 0.592 0.59068 0.59522 0.60207 0.59922 0.59508 0.59653 0.5995 0.60264 0.5949 0.58018
#
240;-0.0460937 -0.0468749 -0.0476562 -0.0484374 -0.0492187 -0.0499999 -0.0507812 -0.0515624 -0.0523437 -0.0531249 -0.0539062 -0.0546874 -0.0554687 -0.0562499 -0.0570312 -0.0578124 -0.0585937 -0.0593749 -0.0601562 -0.0609374 -0.0617187 -0.0624999 -0.0632812 -0.0640624 -0.0648437 -0.065625 -0.0664062 -0.0671875 -0.0679687 -0.06875 -0.0695312 -0.0703125 -0.0710937 -0.071875 -0.0726562 -0.0734375 -0.0742187 -0.075 -0.0757812 -0.0765625 -0.0773437 -0.078125 -0.0789062 -0.0796875 -0.0804687 -0.08125 -0.0820312 -0.0828125 -0.0835937 -0.084375 -0.0851562 -0.0859375 -0.0867187 -0.0875 -0.0882812 -0.0890625 -0.0898437 -0.090625 -0.0914062 -0.0921875 -0.0929687 -0.09375 -0.0945312 -0.0953125 -0.0960937 -0.096875 -0.0976562 -0.0984375 -0.0992187 -0.1;0.08607 0.01172 0.06097 0.26695 0.45376 0.49167 0.49027 0.48703 0.48643 0.48809 0.48886 0.49102 0.49323 0.49326 0.49181 0.48888 0.49354 0.49665 0.49477 0.49918 0.49741 0.49463 0.49265 0.49716 0.50364 0.50517 0.50311 0.50267 0.50569 0.50476 0.50749 0.51199 0.50989 0.51191 0.51629 0.51047 0.50622 0.50936 0.50969 0.50865 0.51031 0.51681 0.517 0.51148 0.51451 0.51668 0.51546 0.51715 0.52306 0.53293 0.5451 0.55722 0.56929 0.57688 0.58409 0.58898 0.59205 0.59673 0.59406 0.58898 0.58936 0.59854 0.60337 0.60203 0.60267 0.59999 0.60108 0.59792 0.58967 0.58806
#
300;-0.0460937 -0.0468749 -0.0476562 -0.0484374 -0.0492187 -0.0499999 -0.0507812 -0.0515624 -0.0523437 -0.0531249 -0.0539062 -0.0546874 -0.0554687 -0.0562499 -0.0570312 -0.0578124 -0.0585937 -0.0593749 -0.0601562 -0.0609374 -0.0617187 -0.0624999 -0.0632812 -0.0640624 -0.0648437 -0.065625 -0.0664062 -0.0671875 -0.0679687 -0.06875 -0.0695312 -0.0703125 -0.0710937 -0.071875 -0.0726562 -0.0734375 -0.0742187 -0.075 -0.0757812 -0.0765625 -0.0773437 -0.078125 -0.0789062 -0.0796875 -0.0804687 -0.08125 -0.0820312 -0.0828125 -0.0835937 -0.084375 -0.0851562 -0.0859375 -0.0867187 -0.0875 -0.0882812 -0.0890625 -0.0898437 -0.090625 -0.0914062 -0.0921875 -0.0929687 -0.09375 -0.0945312 -0.0953125 -0.0960937 -0.096875 -0.0976562 -0.0984375 -0.0992187 -0.1;0.08848 0.01792 0.02587 0.14159 0.36805 0.47877 0.48704 0.49072 0.49041 0.4908 0.49264 0.49151 0.49256 0.49373 0.49587 0.49586 0.49631 0.49786 0.49955 0.50249 0.497 0.49427 0.49743 0.50083 0.50532 0.512 0.51214 0.5049 0.50172 0.50509 0.51104 0.51214 0.50963 0.50718 0.50896 0.51263 0.51228 0.50906 0.50638 0.50319 0.50906 0.51326 0.51507 0.51576 0.51578 0.51732 0.52058 0.53542 0.55131 0.56247 0.57376 0.58132 0.58711 0.59358 0.5936 0.59336 0.59816 0.59872 0.59483 0.59099 0.58983 0.59652 0.60092 0.60087 0.59555 0.58682 0.59223 0.59954 0.59861 0.58413
#
360;-0.0460937 -0.0468749 -0.0476562 -0.0484374 -0.0492187 -0.0499999 -0.0507812 -0.0515624 -0.0523437 -0.0531249 -0.0539062 -0.0546874 -0.0554687 -0.0562499 -0.0570312 -0.0578124 -0.0585937 -0.0593749 -0.0601562 -0.0609374 -0.0617187 -0.0624999 -0.0632812 -0.0640624 -0.0648437 -0.065625 -0.0664062 -0.0671875 -0.0679687 -0.06875 -0.0695312 -0.0703125 -0.0710937 -0.071875 -0.0726562 -0.0734375 -0.0742187 -0.075 -0.0757812 -0.0765625 -0.0773437 -0.078125 -0.0789062 -0.0796875 -0.0804687 -0.08125 -0.0820312 -0.0828125 -0.0835937 -0.084375 -0.0851562 -0.0859375 -0.0867187 -0.0875 -0.0882812 -0.0890625 -0.0898437 -0.090625 -0.0914062 -0.0921875 -0.0929687 -0.09375 -0.0945312 -0.0953125 -0.0960937 -0.096875 -0.0976562 -0.0984375 -0.0992187 -0.1;0.08995 0.01443 0.0152 0.05233 0.23974 0.44276 0.48855 0.49303 0.49112 0.49078 0.49036 0.49085 0.4908 0.48719 0.49593 0.49918 0.4961 0.49784 0.5008 0.50388 0.50548 0.50776 0.50505 0.50185 0.49766 0.50014 0.50668 0.50616 0.50479 0.50748 0.50643 0.50619 0.50899 0.50951 0.506 0.50322 0.50774 0.50754 0.51114 0.51299 0.51508 0.51938 0.52396 0.52312 0.53038 0.54591 0.56097 0.57218 0.58212 0.58672 0.58849 0.59159 0.59279 0.59427 0.59993 0.59842 0.59796 0.59953 0.59912 0.59644 0.59552 0.59822 0.60214 0.60417 0.6033 0.60043 0.60067 0.59797 0.59312 0.58076
#
420;-0.0460937 -0.0468749 -0.0476562 -0.0484374 -0.0492187 -0.0499999 -0.0507812 -0.0515624 -0.0523437 -0.0531249 -0.0539062 -0.0546874 -0.0554687 -0.0562499 -0.0570312 -0.0578124 -0.0585937 -0.0593749 -0.0601562 -0.0609374 -0.0617187 -0.0624999 -0.0632812 -0.0640624 -0.0648437 -0.065625 -0.0664062 -0.0671875 -0.0679687 -0.06875 -0.0695312 -0.0703125 -0.0710937 -0.071875 -0.0726562 -0.0734375 -0.0742187 -0.075 -0.0757812 -0.0765625 -0.0773437 -0.078125 -0.0789062 -0.0796875 -0.0804687 -0.08125 -0.0820312 -0.0828125 -0.0835937 -0.084375 -0.0851562 -0.0859375 -0.0867187 -0.0875 -0.0882812 -0.0890625 -0.0898437 -0.090625 -0.0914062 -0.0921875 -0.0929687 -0.09375 -0.0945312 -0.0953125 -0.0960937 -0.096875 -0.0976562 -0.0984375 -0.0992187 -0.1;0.09097 0.01777 0.01162 0.01806 0.12388 0.35254 0.47445 0.48807 0.48942 0.4884 0.49276 0.49536 0.49691 0.49276 0.49556 0.49695 0.49766 0.49792 0.49506 0.49613 0.49938 0.50312 0.50329 0.5055 0.50597 0.50641 0.50362 0.50017 0.50393 0.51344 0.51154 0.50744 0.50718 0.50634 0.50757 0.5078 0.51018 0.5101 0.51182 0.51333 0.52049 0.53342 0.54513 0.55576 0.56816 0.57547 0.58248 0.59004 0.59528 0.59677 0.59834 0.59524 0.59046 0.58826 0.59398 0.59688 0.59799 0.59873 0.59639 0.59097 0.5962 0.60674 0.61433 0.61545 0.61274 0.60722 0.60341 0.60046 0.59491 0.58155
#
480;-0.0460937 -0.0468749 -0.0476562 -0.0484374 -0.0492187 -0.0499999 -0.0507812 -0.0515624 -0.0523437 -0.0531249 -0.0539062 -0.0546874 -0.0554687 -0.0562499 -0.0570312 -0.0578124 -0.0585937 -0.0593749 -0.0601562 -0.0609374 -0.0617187 -0.0624999 -0.0632812 -0.0640624 -0.0648437 -0.065625 -0.0664062 -0.0671875 -0.0679687 -0.06875 -0.0695312 -0.0703125 -0.0710937 -0.071875 -0.0726562 -0.0734375 -0.0742187 -0.075 -0.0757812 -0.0765625 -0.0773437 -0.078125 -0.0789062 -0.0796875 -0.0804687 -0.08125 -0.0820312 -0.0828125 -0.0835937 -0.084375 -0.0851562 -0.0859375 -0.0867187 -0.0875 -0.0882812 -0.0890625 -0.0898437 -0.090625 -0.0914062 -0.0921875 -0.0929687 -0.09375 -0.0945312 -0.0953125 -0.0960937 -0.096875 -0.0976562 -0.0984375 -0.0992187 -0.1;0.08948 0.01661 0.01431 0.01461 0.03998 0.22159 0.43202 0.48992 0.49256 0.49064 0.49684 0.50072 0.49932 0.50013 0.50192 0.50062 0.50247 0.50452 0.50248 0.50196 0.50063 0.50467 0.50342 0.50968 0.51496 0.51002 0.50648 0.50734 0.50969 0.50789 0.50851 0.50864 0.51087 0.51582 0.51423 0.51077 0.51238 0.51678 0.52186 0.53082 0.54695 0.56682 0.57846 0.58315 0.58297 0.58044 0.58791 0.59533 0.59546 0.59418 0.59618 0.59781 0.59556 0.59168 0.59196 0.59384 0.60052 0.60561 0.60304 0.5992 0.5975 0.60175 0.6049 0.60205 0.5998 0.60021 0.601 0.60307 0.60083 0.5871
#
540;-0.0460937 -0.0468749 -0.0476562 -0.0484374 -0.0492187 -0.0499999 -0.0507812 -0.0515624 -0.0523437 -0.0531249 -0.0539062 -0.0546874 -0.0554687 -0.0562499 -0.0570312 -0.0578124 -0.0585937 -0.0593749 -0.0601562 -0.0609374 -0.0617187 -0.0624999 -0.0632812 -0.0640624 -0.0648437 -0.065625 -0.0664062 -0.0671875 -0.0679687 -0.06875 -0.0695312 -0.0703125 -0.0710937 -0.071875 -0.0726562 -0.0734375 -0.0742187 -0.075 -0.0757812 -0.0765625 -0.0773437 -0.078125 -0.0789062 -0.0796875 -0.0804687 -0.08125 -0.0820312 -0.0828125 -0.0835937 -0.084375 -0.0851562 -0.0859375 -0.0867187 -0.0875 -0.0882812 -0.0890625 -0.0898437 -0.090625 -0.0914062 -0.0921875 -0.0929687 -0.09375 -0.0945312 -0.0953125 -0.0960937 -0.096875 -0.0976562 -0.0984375 -0.0992187 -0.1;0.09098 0.01377 0.00948 0.01108 0.01361 0.10442 0.33186 0.47478 0.49126 0.49435 0.49452 0.4975 0.49719 0.49362 0.49658 0.49833 0.49654 0.50486 0.50464 0.50674 0.50754 0.50767 0.50574 0.50652 0.50936 0.5111 0.50832 0.50529 0.50899 0.51026 0.50823 0.50999 0.51312 0.51253 0.51029 0.51314 0.5264 0.53941 0.55364 0.56817 0.57957 0.58863 0.59424 0.59592 0.59736 0.59549 0.59363 0.59156 0.59442 0.59966 0.59874 0.59721 0.59546 0.59624 0.59812 0.59744 0.59835 0.60154 0.60381 0.60179 0.59474 0.59744 0.60404 0.604 0.60111 0.59883 0.59999 0.60283 0.59973 0.58377
#
600;-0.0460937 -0.0468749 -0.0476562 -0.0484374 -0.0492187 -0.0499999 -0.0507812 -0.0515624 -0.0523437 -0.0531249 -0.0539062 -0.0546874 -0.0554687 -0.0562499 -0.0570312 -0.0578124 -0.0585937 -0.0593749 -0.0601562 -0.0609374 -0.0617187 -0.0624999 -0.0632812 -0.0640624 -0.0648437 -0.065625 -0.0664062 -0.0671875 -0.0679687 -0.06875 -0.0695312 -0.0703125 -0.0710937 -0.071875 -0.0726562 -0.0734375 -0.0742187 -0.075 -0.0757812 -0.0765625 -0.0773437 -0.078125 -0.0789062 -0.0796875 -0.0804687 -0.08125 -0.0820312 -0.0828125 -0.0835937 -0.084375 -0.0851562 -0.0859375 -0.0867187 -0.0875 -0.0882812 -0.0890625 -0.0898437 -0.090625 -0.0914062 -0.0921875 -0.0929687 -0.09375 -0.0945312 -0.0953125 -0.0960937 -0.096875 -0.0976562 -0.0984375 -0.0992187 -0.1;0.09123 0.01816 0.0166 0.01302 0.01222 0.03905 0.20565 0.42442 0.4931 0.49644 0.49404 0.49641 0.49777 0.49494 0.49625 0.49859 0.50348 0.50309 0.50075 0.50508 0.50589 0.51148 0.51277 0.51016 0.50879 0.50993 0.50645 0.51041 0.51474 0.50977 0.50681 0.50699 0.51124 0.52005 0.52879 0.54344 0.56528 0.57728 0.58294 0.58417 0.59079 0.59686 0.59955 0.5981 0.5986 0.59737 0.59523 0.59514 0.59779 0.59892 0.59696 0.59619 0.59912 0.60124 0.60204 0.60246 0.60355 0.60337 0.60251 0.59778 0.59328 0.59791 0.60513 0.6043 0.59922 0.59641 0.60263 0.60459 0.5994 0.58471
#
660;-0.0460937 -0.0468749 -0.0476562 -0.0484374 -0.0492187 -0.0499999 -0.0507812 -0.0515624 -0.0523437 -0.0531249 -0.0539062 -0.0546874 -0.0554687 -0.0562499 -0.0570312 -0.0578124 -0.0585937 -0.0593749 -0.0601562 -0.0609374 -0.0617187 -0.0624999 -0.0632812 -0.0640624 -0.0648437 -0.065625 -0.0664062 -0.0671875 -0.0679687 -0.06875 -0.0695312 -0.0703125 -0.0710937 -0.071875 -0.0726562 -0.0734375 -0.0742187 -0.075 -0.0757812 -0.0765625 -0.0773437 -0.078125 -0.0789062 -0.0796875 -0.0804687 -0.08125 -0.0820312 -0.0828125 -0.0835937 -0.084375 -0.0851562 -0.0859375 -0.0867187 -0.0875 -0.0882812 -0.0890625 -0.0898437 -0.090625 -0.0914062 -0.0921875 -0.0929687 -0.09375 -0.0945312 -0.0953125 -0.0960937 -0.096875 -0.0976562 -0.0984375 -0.0992187 -0.1;0.09171 0.02056 0.01883 0.01658 0.01299 0.01726 0.09616 0.32982 0.47944 0.49857 0.50146 0.49906 0.49868 0.4969 0.50051 0.4995 0.50368 0.50566 0.50366 0.51087 0.51316 0.50987 0.50458 0.50577 0.51052 0.51359 0.51071 0.50856 0.50595 0.5101 0.51835 0.52583 0.5392 0.55524 0.57046 0.58252 0.59203 0.59393 0.59017 0.59021 0.59526 0.59728 0.60052 0.60271 0.5977 0.59267 0.59353 0.59424 0.59828 0.60081 0.59862 0.60626 0.60805 0.60273 0.60217 0.60505 0.60082 0.59751 0.59884 0.59381 0.59492 0.59856 0.6031 0.60874 0.60553 0.59995 0.60245 0.60025 0.58897 0.57652
#
720;-0.0460937 -0.0468749 -0.0476562 -0.0484374 -0.0492187 -0.0499999 -0.0507812 -0.0515624 -0.0523437 -0.0531249 -0.0539062 -0.0546874 -0.0554687 -0.0562499 -0.0570312 -0.0578124 -0.0585937 -0.0593749 -0.0601562 -0.0609374 -0.0617187 -0.0624999 -0.0632812 -0.0640624 -0.0648437 -0.065625 -0.0664062 -0.0671875 -0.0679687 -0.06875 -0.0695312 -0.0703125 -0.0710937 -0.071875 -0.0726562 -0.0734375 -0.0742187 -0.075 -0.0757812 -0.0765625 -0.0773437 -0.078125 -0.0789062 -0.0796875 -0.0804687 -0.08125 -0.0820312 -0.0828125 -0.0835937 -0.084375 -0.0851562 -0.0859375 -0.0867187 -0.0875 -0.0882812 -0.0890625 -0.0898437 -0.090625 -0.0914062 -0.0921875 -0.0929687 -0.09375 -0.0945312 -0.0953125 -0.0960937 -0.096875 -0.0976562 -0.0984375 -0.0992187 -0.1;0.08755 0.01373 0.01273 0.01712 0.01137 0.0161 0.04239 0.20696 0.42601 0.49573 0.5009 0.50115 0.4987 0.49993 0.50194 0.49932 0.50045 0.5052 0.50198 0.50255 0.5046 0.50601 0.51023 0.51011 0.50769 0.50973 0.51272 0.51223 0.51842 0.52985 0.5439 0.56223 0.57834 0.5825 0.58481 0.58842 0.59384 0.59162 0.59131 0.59363 0.59597 0.60065 0.59947 0.60003 0.60077 0.59703 0.59437 0.59807 0.60462 0.60285 0.59906 0.59786 0.59501 0.59319 0.59557 0.59694 0.59945 0.60048 0.59711 0.59603 0.59903 0.60451 0.60886 0.61019 0.60289 0.59519 0.60034 0.60564 0.60018 0.58039
#
780;-0.0460937 -0.0468749 -0.0476562 -0.0484374 -0.0492187 -0.0499999 -0.0507812 -0.0515624 -0.0523437 -0.0531249 -0.0539062 -0.0546874 -0.0554687 -0.0562499 -0.0570312 -0.0578124 -0.0585937 -0.0593749 -0.0601562 -0.0609374 -0.0617187 -0.0624999 -0.0632812 -0.0640624 -0.0648437 -0.065625 -0.0664062 -0.0671875 -0.0679687 -0.06875 -0.0695312 -0.0703125 -0.0710937 -0.071875 -0.0726562 -0.0734375 -0.0742187 -0.075 -0.0757812 -0.0765625 -0.0773437 -0.078125 -0.0789062 -0.0796875 -0.0804687 -0.08125 -0.0820312 -0.0828125 -0.0835937 -0.084375 -0.0851562 -0.0859375 -0.0867187 -0.0875 -0.0882812 -0.0890625 -0.0898437 -0.090625 -0.0914062 -0.0921875 -0.0929687 -0.09375 -0.0945312 -0.0953125 -0.0960937 -0.096875 -0.0976562 -0.0984375 -0.0992187 -0.1;0.08875 0.01748 0.01335 0.01192 0.00964 0.01244 0.02001 0.09931 0.31943 0.47751 0.50415 0.5064 0.50474 0.50422 0.50485 0.50432 0.50806 0.50967 0.50697 0.5106 0.50717 0.50814 0.50999 0.50934 0.50972 0.51629 0.52877 0.54238 0.55776 0.56508 0.57256 0.58326 0.5946 0.59485 0.5894 0.59181 0.59768 0.6006 0.60157 0.59985 0.59861 0.59796 0.59892 0.59715 0.59852 0.59911 0.60109 0.60191 0.6009 0.59911 0.60145 0.60307 0.60256 0.60099 0.60207 0.60071 0.59747 0.60235 0.60683 0.60119 0.59721 0.60364 0.60771 0.60802 0.60125 0.59685 0.59966 0.59703 0.58975 0.58219
#
840;-0.0460937 -0.0468749 -0.0476562 -0.0484374 -0.0492187 -0.0499999 -0.0507812 -0.0515624 -0.0523437 -0.0531249 -0.0539062 -0.0546874 -0.0554687 -0.0562499 -0.0570312 -0.0578124 -0.0585937 -0.0593749 -0.0601562 -0.0609374 -0.0617187 -0.0624999 -0.0632812 -0.0640624 -0.0648437 -0.065625 -0.0664062 -0.0671875 -0.0679687 -0.06875 -0.0695312 -0.0703125 -0.0710937 -0.071875 -0.0726562 -0.0734375 -0.0742187 -0.075 -0.0757812 -0.0765625 -0.0773437 -0.078125 -0.0789062 -0.0796875 -0.0804687 -0.08125 -0.0820312 -0.0828125 -0.0835937 -0.084375 -0.0851562 -0.0859375 -0.0867187 -0.0875 -0.0882812 -0.0890625 -0.0898437 -0.090625 -0.0914062 -0.0921875 -0.0929687 -0.09375 -0.0945312 -0.0953125 -0.0960937 -0.096875 -0.0976562 -0.0984375 -0.0992187 -0.1;0.09754 0.0195 0.01342 0.01209 0.01023 0.00824 0.01038 0.04048 0.20502 0.42674 0.49628 0.50412 0.51037 0.50944 0.50657 0.49993 0.4975 0.50309 0.5071 0.50579 0.50385 0.50895 0.5141 0.52162 0.53544 0.55261 0.56502 0.5754 0.58073 0.58328 0.58663 0.58779 0.59153 0.59823 0.60056 0.60158 0.59936 0.59637 0.59465 0.59519 0.59842 0.59626 0.59781 0.60071 0.59926 0.59598 0.5988 0.59839 0.59601 0.59967 0.60216 0.60016 0.60017 0.60267 0.60373 0.60349 0.59935 0.59816 0.59904 0.5986 0.60109 0.6042 0.60564 0.6046 0.60198 0.60677 0.60893 0.6059 0.60016 0.5826
#
900;-0.0460937 -0.0468749 -0.0476562 -0.0484374 -0.0492187 -0.0499999 -0.0507812 -0.0515624 -0.0523437 -0.0531249 -0.0539062 -0.0546874 -0.0554687 -0.0562499 -0.0570312 -0.0578124 -0.0585937 -0.0593749 -0.0601562 -0.0609374 -0.0617187 -0.0624999 -0.0632812 -0.0640624 -0.0648437 -0.065625 -0.0664062 -0.0671875 -0.0679687 -0.06875 -0.0695312 -0.0703125 -0.0710937 -0.071875 -0.0726562 -0.0734375 -0.0742187 -0.075 -0.0757812 -0.0765625 -0.0773437 -0.078125 -0.0789062 -0.0796875 -0.0804687 -0.08125 -0.0820312 -0.0828125 -0.0835937 -0.084375 -0.0851562 -0.0859375 -0.0867187 -0.0875 -0.0882812 -0.0890625 -0.0898437 -0.090625 -0.0914062 -0.0921875 -0.0929687 -0.09375 -0.0945312 -0.0953125 -0.0960937 -0.096875 -0.0976562 -0.0984375 -0.0992187 -0.1;0.10349 0.02709 0.0183 0.01051 0.00573 0.01214 0.01539 0.02348 0.10147 0.3277 0.48035 0.5041 0.50765 0.51094 0.51549 0.50932 0.50623 0.50911 0.51104 0.51632 0.52423 0.53433 0.54341 0.55813 0.57232 0.58188 0.58588 0.59047 0.59368 0.59444 0.59701 0.59505 0.59046 0.59269 0.60045 0.5974 0.59765 0.59477 0.58919 0.58683 0.59155 0.60051 0.60509 0.60198 0.59892 0.59799 0.59746 0.59583 0.59759 0.60108 0.60204 0.60288 0.60167 0.6015 0.60316 0.60207 0.60078 0.59988 0.59917 0.59697 0.59651 0.60324 0.61283 0.61269 0.60548 0.60191 0.60162 0.5974 0.5915 0.57748
#
960;-0.0460937 -0.0468749 -0.0476562 -0.0484374 -0.0492187 -0.0499999 -0.0507812 -0.0515624 -0.0523437 -0.0531249 -0.0539062 -0.0546874 -0.0554687 -0.0562499 -0.0570312 -0.0578124 -0.0585937 -0.0593749 -0.0601562 -0.0609374 -0.0617187 -0.0624999 -0.0632812 -0.0640624 -0.0648437 -0.065625 -0.0664062 -0.0671875 -0.0679687 -0.06875 -0.0695312 -0.0703125 -0.0710937 -0.071875 -0.0726562 -0.0734375 -0.0742187 -0.075 -0.0757812 -0.0765625 -0.0773437 -0.078125 -0.0789062 -0.0796875 -0.0804687 -0.08125 -0.0820312 -0.0828125 -0.0835937 -0.084375 -0.0851562 -0.0859375 -0.0867187 -0.0875 -0.0882812 -0.0890625 -0.0898437 -0.090625 -0.0914062 -0.0921875 -0.0929687 -0.09375 -0.0945312 -0.0953125 -0.0960937 -0.096875 -0.0976562 -0.0984375 -0.0992187 -0.1;0.09449 0.01836 0.0137 0.01136 0.00476 0.00749 0.00732 0.01553 0.04857 0.21965 0.43796 0.50756 0.51169 0.50723 0.50153 0.50009 0.50276 0.51648 0.526 0.53965 0.55322 0.5645 0.5751 0.58139 0.58565 0.59019 0.591 0.58838 0.58827 0.58563 0.58502 0.58663 0.58988 0.59607 0.59716 0.59469 0.59798 0.59819 0.59671 0.59442 0.59911 0.60724 0.60799 0.60199 0.59664 0.5959 0.59901 0.602 0.60742 0.60718 0.6022 0.60407 0.60452 0.60376 0.60475 0.60418 0.60636 0.60476 0.59849 0.59582 0.59731 0.60023 0.60147 0.5992 0.59807 0.59898 0.59974 0.59981 0.59169 0.57741
#
1020;-0.0460937 -0.0468749 -0.0476562 -0.0484374 -0.0492187 -0.0499999 -0.0507812 -0.0515624 -0.0523437 -0.0531249 -0.0539062 -0.0546874 -0.0554687 -0.0562499 -0.0570312 -0.0578124 -0.0585937 -0.0593749 -0.0601562 -0.0609374 -0.0617187 -0.0624999 -0.0632812 -0.0640624 -0.0648437 -0.065625 -0.0664062 -0.0671875 -0.0679687 -0.06875 -0.0695312 -0.0703125 -0.0710937 -0.071875 -0.0726562 -0.0734375 -0.0742187 -0.075 -0.0757812 -0.0765625 -0.0773437 -0.078125 -0.0789062 -0.0796875 -0.0804687 -0.08125 -0.0820312 -0.0828125 -0.0835937 -0.084375 -0.0851562 -0.0859375 -0.0867187 -0.0875 -0.0882812 -0.0890625 -0.0898437 -0.090625 -0.0914062 -0.0921875 -0.0929687 -0.09375 -0.0945312 -0.0953125 -0.0960937 -0.096875 -0.0976562 -0.0984375 -0.0992187 -0.1;0.09477 0.01484 0.00928 0.01133 0.01098 0.01152 0.01009 0.01623 0.02193 0.11174 0.34538 0.48486 0.50059 0.50897 0.51371 0.51878 0.53329 0.5497 0.55614 0.56648 0.58035 0.58661 0.58738 0.58933 0.58973 0.59515 0.60187 0.59872 0.59971 0.59596 0.59324 0.5962 0.59718 0.59688 0.59537 0.59484 0.59636 0.59485 0.59685 0.59928 0.60294 0.60245 0.60016 0.59865 0.5972 0.59446 0.59775 0.60107 0.60069 0.59816 0.59763 0.59928 0.60198 0.60024 0.60087 0.60142 0.60243 0.60159 0.60282 0.60488 0.60417 0.60412 0.60383 0.59974 0.59521 0.59605 0.60425 0.6079 0.60068 0.57815
#
1080;-0.0460937 -0.0468749 -0.0476562 -0.0484374 -0.0492187 -0.0499999 -0.0507812 -0.0515624 -0.0523437 -0.0531249 -0.0539062 -0.0546874 -0.0554687 -0.0562499 -0.0570312 -0.0578124 -0.0585937 -0.0593749 -0.0601562 -0.0609374 -0.0617187 -0.0624999 -0.0632812 -0.0640624 -0.0648437 -0.065625 -0.0664062 -0.0671875 -0.0679687 -0.06875 -0.0695312 -0.0703125 -0.0710937 -0.071875 -0.0726562 -0.0734375 -0.0742187 -0.075 -0.0757812 -0.0765625 -0.0773437 -0.078125 -0.0789062 -0.0796875 -0.0804687 -0.08125 -0.0820312 -0.0828125 -0.0835937 -0.084375 -0.0851562 -0.0859375 -0.0867187 -0.0875 -0.0882812 -0.0890625 -0.0898437 -0.090625 -0.0914062 -0.0921875 -0.0929687 -0.09375 -0.0945312 -0.0953125 -0.0960937 -0.096875 -0.0976562 -0.0984375 -0.0992187 -0.1;0.09545 0.01636 0.01162 0.00918 0.00802 0.00735 0.01047 0.02028 0.02335 0.05429 0.23415 0.44583 0.51095 0.52171 0.53843 0.55908 0.56562 0.57413 0.58598 0.589 0.58594 0.58592 0.58802 0.5901 0.59199 0.59653 0.59646 0.59287 0.5953 0.59859 0.59646 0.59121 0.59161 0.59609 0.59689 0.59739 0.6027 0.60189 0.59776 0.59696 0.60187 0.60349 0.60376 0.60337 0.60122 0.59594 0.59552 0.59823 0.60633 0.60696 0.6011 0.60163 0.60361 0.60412 0.60305 0.60141 0.60408 0.60605 0.60676 0.60188 0.59715 0.59668 0.60141 0.60478 0.60251 0.60195 0.60409 0.59878 0.58974 0.57756
#
1140;-0.0460937 -0.0468749 -0.0476562 -0.0484374 -0.0492187 -0.0499999 -0.0507812 -0.0515624 -0.0523437 -0.0531249 -0.0539062 -0.0546874 -0.0554687 -0.0562499 -0.0570312 -0.0578124 -0.0585937 -0.0593749 -0.0601562 -0.0609374 -0.0617187 -0.0624999 -0.0632812 -0.0640624 -0.0648437 -0.065625 -0.0664062 -0.0671875 -0.0679687 -0.06875 -0.0695312 -0.0703125 -0.0710937 -0.071875 -0.0726562 -0.0734375 -0.0742187 -0.075 -0.0757812 -0.0765625 -0.0773437 -0.078125 -0.0789062 -0.0796875 -0.0804687 -0.08125 -0.0820312 -0.0828125 -0.0835937 -0.084375 -0.0851562 -0.0859375 -0.0867187 -0.0875 -0.0882812 -0.0890625 -0.0898437 -0.090625 -0.0914062 -0.0921875 -0.0929687 -0.09375 -0.0945312 -0.0953125 -0.0960937 -0.096875 -0.0976562 -0.0984375 -0.0992187 -0.1;0.10292 0.0258 0.01317 0.00903 0.01238 0.0145 0.01152 0.01307 0.01489 0.0263 0.13679 0.38633 0.53026 0.55826 0.57733 0.58641 0.59306 0.59384 0.59491 0.5948 0.5923 0.59238 0.59587 0.59989 0.59579 0.59353 0.59379 0.59305 0.59651 0.59974 0.59515 0.59472 0.59822 0.60027 0.59679 0.59548 0.60128 0.59932 0.59698 0.5975 0.59778 0.59704 0.59662 0.59477 0.59643 0.59868 0.60116 0.60128 0.60121 0.60347 0.60335 0.59994 0.59751 0.60135 0.60588 0.60508 0.60468 0.60596 0.6062 0.59719 0.59523 0.60006 0.60285 0.60071 0.60248 0.60332 0.60257 0.60273 0.59738 0.57836
#
1200;-0.0460937 -0.0468749 -0.0476562 -0.0484374 -0.0492187 -0.0499999 -0.0507812 -0.0515624 -0.0523437 -0.0531249 -0.0539062 -0.0546874 -0.0554687 -0.0562499 -0.0570312 -0.0578124 -0.0585937 -0.0593749 -0.0601562 -0.0609374 -0.0617187 -0.0624999 -0.0632812 -0.0640624 -0.0648437 -0.065625 -0.0664062 -0.0671875 -0.0679687 -0.06875 -0.0695312 -0.0703125 -0.0710937 -0.071875 -0.0726562 -0.0734375 -0.0742187 -0.075 -0.0757812 -0.0765625 -0.0773437 -0.078125 -0.0789062 -0.0796875 -0.0804687 -0.08125 -0.0820312 -0.0828125 -0.0835937 -0.084375 -0.0851562 -0.0859375 -0.0867187 -0.0875 -0.0882812 -0.0890625 -0.0898437 -0.090625 -0.0914062 -0.0921875 -0.0929687 -0.09375 -0.0945312 -0.0953125 -0.0960937 -0.096875 -0.0976562 -0.0984375 -0.0992187 -0.1;0.0953 0.02119 0.01126 0.00614 0.00382 0.00558 0.00895 0.0202 0.02129 0.02219 0.09199 0.34514 0.54699 0.57797 0.58297 0.58527 0.58888 0.58812 0.5925 0.59674 0.5961 0.59927 0.59502 0.5946 0.59455 0.59653 0.59686 0.59177 0.59215 0.59546 0.59733 0.59703 0.59427 0.59233 0.59458 0.59606 0.5992 0.60306 0.60619 0.60182 0.5988 0.6009 0.60654 0.60451 0.59805 0.59644 0.59891 0.60188 0.60501 0.60731 0.60638 0.60386 0.60107 0.6014 0.60393 0.60221 0.60048 0.60342 0.60233 0.59764 0.59515 0.6017 0.61137 0.6075 0.60001 0.59832 0.60313 0.60393 0.59862 0.5882
#
1260;-0.0460937 -0.0468749 -0.0476562 -0.0484374 -0.0492187 -0.0499999 -0.0507812 -0.0515624 -0.0523437 -0.0531249 -0.0539062 -0.0546874 -0.0554687 -0.0562499 -0.0570312 -0.0578124 -0.0585937 -0.0593749 -0.0601562 -0.0609374 -0.0617187 -0.0624999 -0.0632812 -0.0640624 -0.0648437 -0.065625 -0.0664062 -0.0671875 -0.0679687 -0.06875 -0.0695312 -0.0703125 -0.0710937 -0.071875 -0.0726562 -0.0734375 -0.0742187 -0.075 -0.0757812 -0.0765625 -0.0773437 -0.078125 -0.0789062 -0.0796875 -0.0804687 -0.08125 -0.0820312 -0.0828125 -0.0835937 -0.084375 -0.0851562 -0.0859375 -0.0867187 -0.0875 -0.0882812 -0.0890625 -0.0898437 -0.090625 -0.0914062 -0.0921875 -0.0929687 -0.09375 -0.0945312 -0.0953125 -0.0960937 -0.096875 -0.0976562 -0.0984375 -0.0992187 -0.1;0.09672 0.01639 0.01039 0.00822 0.00458 0.00825 0.00638 0.01331 0.0134 0.01432 0.07558 0.32914 0.54515 0.58085 0.58991 0.58927 0.58646 0.58744 0.59137 0.59887 0.59647 0.59507 0.59234 0.59302 0.59658 0.60062 0.60108 0.59666 0.59331 0.596 0.59821 0.60054 0.60356 0.6033 0.60242 0.59835 0.59748 0.59841 0.59915 0.6004 0.60107 0.60159 0.60308 0.60323 0.60041 0.59507 0.60076 0.60586 0.60307 0.59664 0.59704 0.5993 0.59906 0.60076 0.59999 0.59959 0.60226 0.60148 0.59961 0.59505 0.59301 0.59915 0.59999 0.60148 0.60622 0.6072 0.61319 0.61015 0.59791 0.57657
#
1320;-0.0460937 -0.0468749 -0.0476562 -0.0484374 -0.0492187 -0.0499999 -0.0507812 -0.0515624 -0.0523437 -0.0531249 -0.0539062 -0.0546874 -0.0554687 -0.0562499 -0.0570312 -0.0578124 -0.0585937 -0.0593749 -0.0601562 -0.0609374 -0.0617187 -0.0624999 -0.0632812 -0.0640624 -0.0648437 -0.065625 -0.0664062 -0.0671875 -0.0679687 -0.06875 -0.0695312 -0.0703125 -0.0710937 -0.071875 -0.0726562 -0.0734375 -0.0742187 -0.075 -0.0757812 -0.0765625 -0.0773437 -0.078125 -0.0789062 -0.0796875 -0.0804687 -0.08125 -0.0820312 -0.0828125 -0.0835937 -0.084375 -0.0851562 -0.0859375 -0.0867187 -0.0875 -0.0882812 -0.0890625 -0.0898437 -0.090625 -0.0914062 -0.0921875 -0.0929687 -0.09375 -0.0945312 -0.0953125 -0.0960937 -0.096875 -0.0976562 -0.0984375 -0.0992187 -0.1;0.09814 0.01748 0.01021 0.00903 0.00518 0.00561 0.0106 0.02042 0.01906 0.02029 0.08268 0.3283 0.5427 0.58703 0.59467 0.59522 0.59739 0.5953 0.59334 0.59554 0.59452 0.59437 0.59638 0.59812 0.59952 0.6003 0.59481 0.59103 0.5953 0.59612 0.5973 0.60008 0.60498 0.6115 0.60862 0.6011 0.60132 0.60226 0.59638 0.59267 0.59829 0.60084 0.60386 0.60139 0.59821 0.60007 0.60252 0.60414 0.60625 0.60199 0.60325 0.60598 0.60323 0.60294 0.60836 0.60851 0.60473 0.60334 0.60172 0.59702 0.59546 0.60617 0.61526 0.61327 0.60317 0.59554 0.5972 0.59921 0.59976 0.59339
#
1380;-0.0460937 -0.0468749 -0.0476562 -0.0484374 -0.0492187 -0.0499999 -0.0507812 -0.0515624 -0.0523437 -0.0531249 -0.0539062 -0.0546874 -0.0554687 -0.0562499 -0.0570312 -0.0578124 -0.0585937 -0.0593749 -0.0601562 -0.0609374 -0.0617187 -0.0624999 -0.0632812 -0.0640624 -0.0648437 -0.065625 -0.0664062 -0.0671875 -0.0679687 -0.06875 -0.0695312 -0.0703125 -0.0710937 -0.071875 -0.0726562 -0.0734375 -0.0742187 -0.075 -0.0757812 -0.0765625 -0.0773437 -0.078125 -0.0789062 -0.0796875 -0.0804687 -0.08125 -0.0820312 -0.0828125 -0.0835937 -0.084375 -0.0851562 -0.0859375 -0.0867187 -0.0875 -0.0882812 -0.0890625 -0.0898437 -0.090625 -0.0914062 -0.0921875 -0.0929687 -0.09375 -0.0945312 -0.0953125 -0.0960937 -0.096875 -0.0976562 -0.0984375 -0.0992187 -0.1;0.09846 0.02065 0.01697 0.01592 0.00889 0.00771 0.00647 0.0141 0.01628 0.0193 0.07613 0.32493 0.5414 0.57758 0.58501 0.58734 0.5926 0.59739 0.59943 0.59962 0.59946 0.59928 0.59535 0.59479 0.59576 0.59961 0.60202 0.59848 0.59525 0.59698 0.59646 0.59442 0.59736 0.60044 0.59955 0.59885 0.60113 0.60231 0.59993 0.59527 0.59833 0.60111 0.60016 0.59936 0.60006 0.60212 0.60356 0.60354 0.60291 0.60446 0.59887 0.59586 0.59855 0.59715 0.59811 0.60046 0.60187 0.60153 0.60025 0.59447 0.59946 0.60689 0.60738 0.60609 0.60575 0.60025 0.59771 0.60242 0.60027 0.5921
#
1440;-0.0460937 -0.0468749 -0.0476562 -0.0484374 -0.0492187 -0.0499999 -0.0507812 -0.0515624 -0.0523437 -0.0531249 -0.0539062 -0.0546874 -0.0554687 -0.0562499 -0.0570312 -0.0578124 -0.0585937 -0.0593749 -0.0601562 -0.0609374 -0.0617187 -0.0624999 -0.0632812 -0.0640624 -0.0648437 -0.065625 -0.0664062 -0.0671875 -0.0679687 -0.06875 -0.0695312 -0.0703125 -0.0710937 -0.071875 -0.0726562 -0.0734375 -0.0742187 -0.075 -0.0757812 -0.0765625 -0.0773437 -0.078125 -0.0789062 -0.0796875 -0.0804687 -0.08125 -0.0820312 -0.0828125 -0.0835937 -0.084375 -0.0851562 -0.0859375 -0.0867187 -0.0875 -0.0882812 -0.0890625 -0.0898437 -0.090625 -0.0914062 -0.0921875 -0.0929687 -0.09375 -0.0945312 -0.0953125 -0.0960937 -0.096875 -0.0976562 -0.0984375 -0.0992187 -0.1;0.09023 0.02088 0.01788 0.01464 0.00797 0.00556 0.0048 0.01136 0.01627 0.02312 0.08065 0.3244 0.53991 0.5819 0.59065 0.59088 0.59574 0.60075 0.59834 0.5959 0.59398 0.59746 0.59284 0.59197 0.60163 0.60679 0.60496 0.5982 0.59588 0.59782 0.59678 0.59458 0.59752 0.60171 0.59806 0.59574 0.59939 0.59831 0.60026 0.60035 0.59916 0.59863 0.59668 0.596 0.59498 0.59523 0.60241 0.60883 0.6068 0.60344 0.60097 0.60124 0.59989 0.60035 0.60169 0.60245 0.60528 0.60453 0.60009 0.59651 0.59417 0.59604 0.60349 0.60816 0.60549 0.60152 0.6067 0.61179 0.60651 0.58542
#
1500;-0.0460937 -0.0468749 -0.0476562 -0.0484374 -0.0492187 -0.0499999 -0.0507812 -0.0515624 -0.0523437 -0.0531249 -0.0539062 -0.0546874 -0.0554687 -0.0562499 -0.0570312 -0.0578124 -0.0585937 -0.0593749 -0.0601562 -0.0609374 -0.0617187 -0.0624999 -0.0632812 -0.0640624 -0.0648437 -0.065625 -0.0664062 -0.0671875 -0.0679687 -0.06875 -0.0695312 -0.0703125 -0.0710937 -0.071875 -0.0726562 -0.0734375 -0.0742187 -0.075 -0.0757812 -0.0765625 -0.0773437 -0.078125 -0.0789062 -0.0796875 -0.0804687 -0.08125 -0.0820312 -0.0828125 -0.0835937 -0.084375 -0.0851562 -0.0859375 -0.0867187 -0.0875 -0.0882812 -0.0890625 -0.0898437 -0.090625 -0.0914062 -0.0921875 -0.0929687 -0.09375 -0.0945312 -0.0953125 -0.0960937 -0.096875 -0.0976562 -0.0984375 -0.0992187 -0.1;0.10409 0.02015 0.01413 0.01149 0.00329 0.00343 0.00669 0.01166 0.01288 0.01955 0.07467 0.32012 0.54267 0.58289 0.5906 0.59096 0.58828 0.59041 0.59136 0.59457 0.59839 0.59974 0.59737 0.59609 0.5973 0.6014 0.5995 0.59657 0.59962 0.60029 0.59612 0.59863 0.60199 0.60036 0.59796 0.59568 0.60012 0.60027 0.59923 0.59731 0.59624 0.59674 0.60423 0.60793 0.60229 0.59692 0.59648 0.59589 0.59809 0.60168 0.60225 0.59886 0.60063 0.60137 0.60015 0.60005 0.60284 0.60496 0.60325 0.60026 0.60033 0.60548 0.60936 0.60636 0.6053 0.60763 0.60589 0.60124 0.59776 0.58331
#
1560;-0.0460937 -0.0468749 -0.0476562 -0.0484374 -0.0492187 -0.0499999 -0.0507812 -0.0515624 -0.0523437 -0.0531249 -0.0539062 -0.0546874 -0.0554687 -0.0562499 -0.0570312 -0.0578124 -0.0585937 -0.0593749 -0.0601562 -0.0609374 -0.0617187 -0.0624999 -0.0632812 -0.0640624 -0.0648437 -0.065625 -0.0664062 -0.0671875 -0.0679687 -0.06875 -0.0695312 -0.0703125 -0.0710937 -0.071875 -0.0726562 -0.0734375 -0.0742187 -0.075 -0.0757812 -0.0765625 -0.0773437 -0.078125 -0.0789062 -0.0796875 -0.0804687 -0.08125 -0.0820312 -0.0828125 -0.0835937 -0.084375 -0.0851562 -0.0859375 -0.0867187 -0.0875 -0.0882812 -0.0890625 -0.0898437 -0.090625 -0.0914062 -0.0921875 -0.0929687 -0.09375 -0.0945312 -0.0953125 -0.0960937 -0.096875 -0.0976562 -0.0984375 -0.0992187 -0.1;0.09581 0.01754 0.01136 0.00653 0.00288 0.00698 0.00497 0.00748 0.00749 0.01148 0.06964 0.3172 0.53964 0.58271 0.59389 0.59261 0.58876 0.59094 0.59401 0.59635 0.59714 0.60061 0.5987 0.60037 0.60175 0.60337 0.60371 0.60026 0.59722 0.60035 0.60012 0.59819 0.59894 0.60006 0.60101 0.59843 0.60213 0.60151 0.59378 0.59021 0.59727 0.60073 0.59902 0.59809 0.59954 0.59725 0.5956 0.59488 0.59567 0.59702 0.59566 0.59565 0.60019 0.59936 0.60288 0.60376 0.60299 0.59993 0.59522 0.5945 0.59607 0.59865 0.60113 0.6018 0.6041 0.60212 0.60384 0.60407 0.59536 0.57343
#
1620;-0.0460937 -0.0468749 -0.0476562 -0.0484374 -0.0492187 -0.0499999 -0.0507812 -0.0515624 -0.0523437 -0.0531249 -0.0539062 -0.0546874 -0.0554687 -0.0562499 -0.0570312 -0.0578124 -0.0585937 -0.0593749 -0.0601562 -0.0609374 -0.0617187 -0.0624999 -0.0632812 -0.0640624 -0.0648437 -0.065625 -0.0664062 -0.0671875 -0.0679687 -0.06875 -0.0695312 -0.0703125 -0.0710937 -0.071875 -0.0726562 -0.0734375 -0.0742187 -0.075 -0.0757812 -0.0765625 -0.0773437 -0.078125 -0.0789062 -0.0796875 -0.0804687 -0.08125 -0.0820312 -0.0828125 -0.0835937 -0.084375 -0.0851562 -0.0859375 -0.0867187 -0.0875 -0.0882812 -0.0890625 -0.0898437 -0.090625 -0.0914062 -0.0921875 -0.0929687 -0.09375 -0.0945312 -0.0953125 -0.0960937 -0.096875 -0.0976562 -0.0984375 -0.0992187 -0.1;0.09945 0.01248 0.00216 0.00579 0.00765 0.01546 0.01454 0.01427 0.01036 0.01623 0.07844 0.32256 0.54118 0.57931 0.59089 0.59671 0.59772 0.59957 0.59857 0.60013 0.59916 0.59889 0.59882 0.59594 0.59548 0.60117 0.59942 0.59645 0.59664 0.5953 0.59708 0.59917 0.60077 0.60215 0.59942 0.59697 0.59959 0.59757 0.59592 0.59358 0.59454 0.59825 0.60207 0.60241 0.60321 0.59905 0.59653 0.60105 0.60595 0.60557 0.60033 0.59877 0.59883 0.59906 0.6023 0.60532 0.60359 0.59846 0.59796 0.59471 0.59548 0.59942 0.60266 0.60375 0.60463 0.6058 0.60593 0.60265 0.59611 0.57552
#
1680;-0.0460937 -0.0468749 -0.0476562 -0.0484374 -0.0492187 -0.0499999 -0.0507812 -0.0515624 -0.0523437 -0.0531249 -0.0539062 -0.0546874 -0.0554687 -0.0562499 -0.0570312 -0.0578124 -0.0585937 -0.0593749 -0.0601562 -0.0609374 -0.0617187 -0.0624999 -0.0632812 -0.0640624 -0.0648437 -0.065625 -0.0664062 -0.0671875 -0.0679687 -0.06875 -0.0695312 -0.0703125 -0.0710937 -0.071875 -0.0726562 -0.0734375 -0.0742187 -0.075 -0.0757812 -0.0765625 -0.0773437 -0.078125 -0.0789062 -0.0796875 -0.0804687 -0.08125 -0.0820312 -0.0828125 -0.0835937 -0.084375 -0.0851562 -0.0859375 -0.0867187 -0.0875 -0.0882812 -0.0890625 -0.0898437 -0.090625 -0.0914062 -0.0921875 -0.0929687 -0.09375 -0.0945312 -0.0953125 -0.0960937 -0.096875 -0.0976562 -0.0984375 -0.0992187 -0.1;0.09331 0.01481 0.00985 0.00616 0.00434 0.0111 0.01275 0.01539 0.01274 0.01619 0.0727 0.31819 0.54252 0.5864 0.59169 0.58903 0.59092 0.59606 0.596 0.59561 0.59262 0.59376 0.59599 0.59784 0.59641 0.59364 0.59269 0.59386 0.59837 0.60211 0.60255 0.60219 0.6017 0.59869 0.59583 0.59972 0.6061 0.60114 0.59988 0.60137 0.60406 0.60408 0.60086 0.59983 0.604 0.60015 0.59704 0.59858 0.60551 0.60605 0.60308 0.5999 0.59722 0.59841 0.60351 0.6042 0.60345 0.60691 0.60562 0.5998 0.59668 0.59979 0.60594 0.60576 0.6024 0.59983 0.59612 0.59016 0.58316 0.55762
#
1740;-0.0460937 -0.0468749 -0.0476562 -0.0484374 -0.0492187 -0.0499999 -0.0507812 -0.0515624 -0.0523437 -0.0531249 -0.0539062 -0.0546874 -0.0554687 -0.0562499 -0.0570312 -0.0578124 -0.0585937 -0.0593749 -0.0601562 -0.0609374 -0.0617187 -0.0624999 -0.0632812 -0.0640624 -0.0648437 -0.065625 -0.0664062 -0.0671875 -0.0679687 -0.06875 -0.0695312 -0.0703125 -0.0710937 -0.071875 -0.0726562 -0.0734375 -0.0742187 -0.075 -0.0757812 -0.0765625 -0.0773437 -0.078125 -0.0789062 -0.0796875 -0.0804687 -0.08125 -0.0820312 -0.0828125 -0.0835937 -0.084375 -0.0851562 -0.0859375 -0.0867187 -0.0875 -0.0882812 -0.0890625 -0.0898437 -0.090625 -0.0914062 -0.0921875 -0.0929687 -0.09375 -0.0945312 -0.0953125 -0.0960937 -0.096875 -0.0976562 -0.0984375 -0.0992187 -0.1;0.09515 0.01626 0.00991 0.00604 0.00082954 0.00531 0.00548 0.01284 0.01408 0.01383 0.07187 0.31859 0.54242 0.58898 0.59447 0.58809 0.5862 0.58925 0.59241 0.5987 0.60108 0.6008 0.59752 0.59651 0.59833 0.60365 0.6008 0.5982 0.59925 0.60227 0.60326 0.59706 0.59953 0.6018 0.59866 0.5917 0.5901 0.59279 0.5923 0.5938 0.59499 0.59853 0.6027 0.60004 0.59919 0.59817 0.59889 0.5994 0.60429 0.60846 0.60631 0.60556 0.60614 0.60079 0.59812 0.59916 0.59969 0.60226 0.60282 0.60157 0.60268 0.6064 0.60746 0.60625 0.59949 0.59669 0.60157 0.60304 0.59784 0.57694
