# vertical position of interfaces
#  t [s]   z1 [cm]   z2 [cm]
0 -0.0476562 -0.0945312
60 -0.0476562 -0.0929687
120 -0.0484374 -0.0898437
180 -0.0492187 -0.0882812
240 -0.0492187 -0.0859375
300 -0.0499999 -0.0835937
360 -0.0499999 -0.0820312
420 -0.0507812 -0.0796875
480 -0.0507812 -0.078125
540 -0.0515624 -0.0757812
600 -0.0515624 -0.0742187
660 -0.0523437 -0.071875
720 -0.0523437 -0.0703125
780 -0.0531249 -0.0679687
840 -0.0531249 -0.065625
900 -0.0539062 -0.0640624
960 -0.0539062 -0.0617187
1020 -0.0546874 -0.0601562
1080 -0.0546874 -0.0578124
1140 -0.0554687 -0.0562499
1200 -0.0554687 -0.0562499
1260 -0.0554687 -0.0562499
1320 -0.0554687 -0.0562499
1380 -0.0554687 -0.0562499
1440 -0.0554687 -0.0562499
1500 -0.0554687 -0.0562499
1560 -0.0554687 -0.0562499
1620 -0.0554687 -0.0562499
1680 -0.0554687 -0.0562499
1740 -0.0554687 -0.0562499
